R = 3, S = 28.274333882308138
R = 2, S = 12.566370614359172
R = 66, S = 13684.77759903714
R = 123, S = 47529.15525615998
